3
     1(1)A  1.00000  0.01884  0.31125  0.26105  0.00719  0.18277  0.16145  0.00089  0.02485  0.03171
     2(1)A  1.00000  0.00197  0.20761  0.29550  0.00250  0.25723  0.14251  0.00150  0.07938  0.01181
     3(1)A  1.00000  0.00528  0.23444  0.06970  0.01411  0.17620  0.22550  0.00690  0.12244  0.14542
     4(1)A  1.00000  0.00136  0.21875  0.01462  0.01189  0.50431  0.19750  0.00041  0.04845  0.00271
     5(1)A  1.00000  0.00950  0.28859  0.02275  0.01782  0.37909  0.20753  0.00067  0.06893  0.00511
     6(1)A  1.00000  0.00048  0.11487  0.19515  0.00281  0.20265  0.19648  0.00408  0.23009  0.05338
     7(1)A  1.00000  0.00017  0.00427  0.00302  0.02011  0.67118  0.23869  0.00139  0.04291  0.01826
     8(1)A  1.00000  0.04514  0.28365  0.05337  0.01446  0.31617  0.09978  0.01277  0.11305  0.06162
     9(1)A  1.00000  0.02418  0.24862  0.01497  0.02588  0.28172  0.22926  0.00221  0.07693  0.09622
    10(1)A  1.00000  0.00648  0.06393  0.02243  0.02677  0.52469  0.32182  0.00065  0.01455  0.01867
